LGB
0.01770,0.05680,0.80510,0.05330,0.81070,0.02480,0.03280,0.07460,0.87940,0.01880,0.10670,0.00380,0.01930,0.04250,0.08380,0.03890,0.88130,0.06870,0.22570,0.14320,0.11260,0.16530,0.17020,0.01720,0.01810,0.01890,0.04320,0.04210,0.00230,0.11430,0.09990,0.04140,0.72470,0.02810,0.02020,0.70490,0.06140,0.59860,0.68820,0.11010,0.12030,0.11670,0.05660,0.03680,0.01980,0.02660,0.18010,0.63610,0.01800,0.14250,0.01620,0.17440,0.06590,0.64740,0.20810,0.21970,0.80570,0.05600,0.08250,0.75450,0.92940,0.06200,0.06010,0.12230,0.09380,0.05270,0.01570,0.09900,0.05290,0.03630,0.07180,0.02090,0.02390,0.13300,0.06250,0.69360,0.75480,0.06280,0.74760,0.66470,0.83950,0.00810,0.04300,0.10600,0.08220,0.01820,0.08500,0.01370,0.12320,0.04730,0.08680,0.73130,0.08440,0.10430,0.79690,0.07170,0.05000,0.63940,0.76600,0.01830,0.32770,0.34230,0.24000,0.00320,0.22330,0.12100,0.24020,0.15710,0.47720,0.20140,0.10060,0.75410,0.57970,0.73070,0.06470,0.09850,0.13080,0.07360,0.54480,0.01940,0.04780,0.18410,0.12860,0.60140,0.32340,0.39380,0.02760,0.49280,0.02760,0.20680,0.63330,0.05210,0.56420,0.07870,0.75780,0.06140,0.06690,0.37240,0.04550,0.04960,0.06280,0.27990,0.30810,0.24030,0.24320,0.07760,0.35720,0.27700,0.02760,0.05240,0.14370,0.04970,0.53260,0.40720,0.08400,0.15040,0.34710,0.06920,0.48970,0.02260

RF
0.03000,0.12000,0.72000,0.06000,0.74000,0.16000,0.05000,0.05000,0.82000,0.07000,0.11000,0.01000,0.03000,0.07000,0.10000,0.04000,0.63000,0.09000,0.14000,0.16000,0.12000,0.13000,0.07000,0.09000,0.09000,0.05000,0.11000,0.10000,0.10000,0.19000,0.20000,0.11000,0.64000,0.01000,0.11000,0.69000,0.06000,0.73000,0.76000,0.11000,0.10000,0.08000,0.06000,0.02000,0.10000,0.04000,0.14000,0.67000,0.06000,0.07000,0.12000,0.18000,0.03000,0.65000,0.25000,0.20000,0.74000,0.05000,0.09000,0.76000,0.86000,0.16000,0.14000,0.11000,0.04000,0.14000,0.08000,0.10000,0.08000,0.08000,0.14000,0.16000,0.08000,0.20000,0.09000,0.64000,0.70000,0.12000,0.65000,0.70000,0.74000,0.08000,0.06000,0.12000,0.05000,0.06000,0.13000,0.05000,0.10000,0.04000,0.02000,0.84000,0.12000,0.03000,0.78000,0.08000,0.11000,0.78000,0.68000,0.03000,0.22000,0.24000,0.28000,0.05000,0.34000,0.30000,0.24000,0.26000,0.58000,0.37000,0.41000,0.23000,0.20000,0.45000,0.16000,0.19000,0.26000,0.28000,0.15000,0.28000,0.49000,0.14000,0.08000,0.36000,0.26000,0.28000,0.27000,0.23000,0.10000,0.34000,0.42000,0.18000,0.24000,0.11000,0.40000,0.20000,0.16000,0.34000,0.16000,0.19000,0.09000,0.04000,0.31000,0.44000,0.23000,0.34000,0.29000,0.27000,0.18000,0.15000,0.44000,0.15000,0.28000,0.28000,0.33000,0.23000,0.39000,0.13000,0.26000,0.08000

XGB
0.01410,0.07310,0.82780,0.06720,0.83730,0.01200,0.02170,0.02350,0.90270,0.01590,0.05030,0.01380,0.01710,0.03260,0.06390,0.03490,0.92350,0.06340,0.15550,0.07580,0.04710,0.07450,0.07130,0.02280,0.01540,0.02650,0.05650,0.05020,0.00480,0.08480,0.09790,0.06500,0.76290,0.03130,0.01810,0.77240,0.02880,0.77340,0.69990,0.04190,0.07390,0.07840,0.03300,0.03920,0.02440,0.01270,0.14300,0.66120,0.01870,0.08990,0.01430,0.13570,0.03820,0.76510,0.18240,0.14430,0.86890,0.04070,0.03630,0.81070,0.94700,0.04920,0.05730,0.03390,0.03440,0.02680,0.01890,0.09470,0.03190,0.01320,0.10010,0.02360,0.04110,0.09430,0.08850,0.80300,0.80910,0.03260,0.76140,0.60850,0.89620,0.00830,0.04080,0.03670,0.03030,0.00780,0.12260,0.01370,0.05620,0.04250,0.02250,0.82660,0.07420,0.03240,0.85540,0.02790,0.06010,0.71530,0.79980,0.01290,0.47230,0.20220,0.13610,0.00560,0.09790,0.07560,0.22930,0.16590,0.64270,0.16070,0.11980,0.64120,0.36510,0.70420,0.03910,0.08380,0.17350,0.09970,0.17840,0.03350,0.07810,0.19260,0.01360,0.30820,0.09730,0.40180,0.04550,0.35440,0.01510,0.08250,0.32410,0.03590,0.30640,0.04190,0.36740,0.11360,0.08680,0.41310,0.10850,0.02490,0.09370,0.14680,0.25440,0.17320,0.26950,0.06970,0.14740,0.14830,0.02590,0.10090,0.08690,0.04700,0.19450,0.16810,0.05260,0.23570,0.16140,0.12090,0.21280,0.01480

MLP
0.00320,0.00100,0.97010,0.00000,0.99500,0.00000,0.00000,0.00550,0.99690,0.00110,0.00380,0.00000,0.00190,0.00050,0.00000,0.00020,0.99820,0.00110,0.00340,0.00570,0.00960,0.00010,0.00000,0.00000,0.02290,0.00060,0.00600,0.00520,0.00000,0.00030,0.00120,0.00070,0.97260,0.01490,0.00000,0.97630,0.03570,0.92870,0.97220,0.02460,0.08550,0.00000,0.00020,0.01210,0.00890,0.00320,0.02400,0.94060,0.01100,0.00000,0.00330,0.00520,0.00010,0.99230,0.00700,0.00070,0.99940,0.00000,0.00100,0.99050,0.99690,0.00200,0.00030,0.00010,0.00010,0.00230,0.00250,0.00010,0.00000,0.00010,0.00000,0.00000,0.00110,0.02070,0.00020,0.99310,0.99730,0.00000,0.99330,0.98840,0.99690,0.00000,0.00020,0.00000,0.00180,0.00020,0.00000,0.00030,0.00000,0.00810,0.00190,0.99920,0.00020,0.00000,0.96470,0.00000,0.00230,0.99990,0.98780,0.00000,0.81780,0.00540,0.00000,0.00000,0.01110,0.00110,0.00010,0.00000,0.04330,0.45470,0.00290,0.04020,0.00160,0.00010,0.00000,0.00000,0.00010,0.01190,0.00000,0.00000,0.00090,0.00000,0.00000,0.00000,0.00000,0.00660,0.00000,0.00020,0.00000,0.99710,0.00200,0.00000,0.00000,0.00000,0.00000,0.00000,0.00000,0.33920,0.00120,0.00000,0.00000,0.00000,0.00050,0.00000,0.00000,0.00000,0.00000,0.00000,0.00740,0.00000,0.33240,0.00000,0.00000,0.00000,0.03060,0.00000,0.00000,0.39470,0.00000,0.56330

SVC
0.23590,0.23880,0.21170,0.23600,0.15350,0.26050,0.27400,0.23590,0.15190,0.23610,0.23610,0.23810,0.23610,0.23600,0.23600,0.23600,0.14960,0.23590,0.23600,0.23590,0.23600,0.25070,0.23600,0.26280,0.23600,0.23810,0.20520,0.23590,0.23600,0.23600,0.23600,0.23600,0.21110,0.23600,0.24980,0.22250,0.22310,0.21530,0.20530,0.23600,0.21980,0.26100,0.23590,0.23600,0.24070,0.23590,0.22830,0.22020,0.23590,0.23600,0.23590,0.21800,0.23600,0.20940,0.23420,0.23590,0.14190,0.23600,0.23590,0.17800,0.17840,0.23600,0.23600,0.26200,0.23680,0.23600,0.23600,0.23610,0.23590,0.23590,0.23600,0.23600,0.24900,0.23170,0.25240,0.17620,0.15340,0.23600,0.17900,0.20290,0.12120,0.25260,0.23600,0.23600,0.23600,0.25330,0.23610,0.23600,0.23910,0.23600,0.25120,0.12350,0.24160,0.24300,0.19970,0.23600,0.23600,0.11120,0.18780,0.25520,0.17680,0.21960,0.22390,0.27210,0.23720,0.21770,0.22910,0.23570,0.18490,0.19820,0.21550,0.22190,0.22710,0.20730,0.24120,0.23890,0.22270,0.20010,0.26080,0.24840,0.25220,0.24620,0.26550,0.25200,0.25870,0.20890,0.23640,0.22950,0.26720,0.17490,0.23910,0.23080,0.25250,0.24810,0.23710,0.24220,0.27070,0.22050,0.19790,0.25850,0.24980,0.27400,0.21600,0.21720,0.23180,0.24540,0.23880,0.24840,0.20020,0.24430,0.17140,0.24980,0.24190,0.23750,0.21900,0.22280,0.22240,0.21950,0.24490,0.20100




