LGB
0.02940,0.02130,0.81080,0.03110,0.71530,0.01630,0.00570,0.07990,0.82220,0.00940,0.05680,0.01330,0.00550,0.03310,0.06110,0.00390,0.89200,0.02570,0.18850,0.10940,0.10350,0.08810,0.14400,0.01040,0.01190,0.00310,0.01050,0.04920,0.00470,0.09540,0.14510,0.09690,0.74680,0.01840,0.01830,0.78140,0.01890,0.75350,0.81100,0.03710,0.13830,0.08560,0.06530,0.04630,0.04220,0.01870,0.06170,0.73160,0.01830,0.11700,0.00370,0.06580,0.05860,0.79520,0.11100,0.10510,0.81480,0.05300,0.04150,0.68730,0.95730,0.06180,0.07680,0.04770,0.06790,0.02510,0.03740,0.12360,0.05040,0.00420,0.05900,0.02220,0.03640,0.08010,0.07840,0.81630,0.83330,0.08730,0.82060,0.80300,0.88400,0.01360,0.03640,0.06460,0.09320,0.01950,0.07700,0.01090,0.10490,0.02380,0.04750,0.88960,0.02890,0.03140,0.83150,0.07650,0.05720,0.84200,0.86530,0.00350,0.45250,0.40940,0.33820,0.00290,0.41840,0.46930,0.23220,0.30510,0.21510,0.14930,0.07800,0.57030,0.28710,0.76060,0.07920,0.08370,0.43520,0.02470,0.18710,0.00630,0.05840,0.05210,0.01990,0.80130,0.23510,0.53970,0.11740,0.17240,0.01990,0.13170,0.76800,0.01690,0.81680,0.03320,0.64320,0.03910,0.64990,0.40880,0.04930,0.17300,0.00800,0.02920,0.06000,0.03670,0.66240,0.07040,0.31070,0.55050,0.02150,0.08690,0.11030,0.08930,0.17190,0.09610,0.07810,0.07570,0.89380,0.03220,0.17600,0.00800

XGB
0.02900,0.02250,0.82950,0.03790,0.72120,0.02300,0.00900,0.04650,0.85830,0.02290,0.01700,0.01710,0.01920,0.02810,0.04240,0.00930,0.93910,0.03380,0.12680,0.07110,0.04170,0.03420,0.07060,0.01790,0.01650,0.01310,0.03440,0.04370,0.01500,0.07570,0.11460,0.08360,0.77330,0.02540,0.01890,0.79930,0.01860,0.81730,0.81410,0.02460,0.07680,0.05400,0.07070,0.02640,0.02150,0.02040,0.04200,0.68490,0.01500,0.10540,0.00930,0.07840,0.04670,0.89610,0.11090,0.09030,0.89250,0.03380,0.04210,0.79850,0.93070,0.04840,0.06580,0.03720,0.02880,0.02610,0.05200,0.09510,0.05580,0.00940,0.08090,0.02710,0.04080,0.08550,0.04720,0.82690,0.84020,0.07370,0.83160,0.74630,0.88710,0.01630,0.03150,0.03380,0.06150,0.02070,0.05760,0.02350,0.07370,0.02930,0.01770,0.85200,0.06490,0.01810,0.86890,0.05120,0.02790,0.80640,0.88780,0.00860,0.72740,0.22540,0.22960,0.00940,0.27090,0.32400,0.06310,0.24820,0.22260,0.27850,0.15100,0.12060,0.29380,0.65080,0.05050,0.06080,0.26560,0.03860,0.16810,0.02530,0.05650,0.06900,0.03310,0.78310,0.14520,0.57900,0.09990,0.23610,0.01680,0.26880,0.53450,0.01980,0.49900,0.10450,0.25270,0.09690,0.42790,0.32580,0.21170,0.23220,0.02070,0.03750,0.10560,0.04430,0.57210,0.06970,0.28870,0.42350,0.05440,0.02900,0.17110,0.08220,0.06340,0.08800,0.09280,0.19550,0.61450,0.07000,0.09190,0.04840

RF
0.03000,0.08000,0.70000,0.08000,0.75000,0.18000,0.07000,0.03000,0.67000,0.09000,0.11000,0.03000,0.03000,0.07000,0.09000,0.02000,0.69000,0.16000,0.09000,0.16000,0.15000,0.08000,0.09000,0.09000,0.05000,0.02000,0.05000,0.08000,0.11000,0.20000,0.26000,0.22000,0.71000,0.02000,0.09000,0.69000,0.10000,0.75000,0.80000,0.13000,0.13000,0.08000,0.09000,0.04000,0.07000,0.06000,0.10000,0.64000,0.05000,0.11000,0.08000,0.14000,0.04000,0.67000,0.26000,0.11000,0.79000,0.07000,0.10000,0.76000,0.83000,0.11000,0.10000,0.15000,0.03000,0.07000,0.08000,0.16000,0.16000,0.04000,0.17000,0.09000,0.07000,0.19000,0.05000,0.64000,0.79000,0.14000,0.64000,0.70000,0.64000,0.06000,0.06000,0.16000,0.08000,0.08000,0.14000,0.02000,0.16000,0.08000,0.01000,0.85000,0.16000,0.04000,0.76000,0.03000,0.03000,0.76000,0.74000,0.01000,0.34000,0.27000,0.33000,0.04000,0.36000,0.34000,0.12000,0.20000,0.38000,0.32000,0.38000,0.25000,0.25000,0.31000,0.28000,0.21000,0.23000,0.28000,0.29000,0.18000,0.36000,0.28000,0.12000,0.47000,0.36000,0.32000,0.32000,0.23000,0.10000,0.34000,0.54000,0.17000,0.39000,0.07000,0.38000,0.23000,0.22000,0.37000,0.18000,0.27000,0.09000,0.04000,0.30000,0.20000,0.32000,0.22000,0.27000,0.34000,0.23000,0.18000,0.37000,0.17000,0.26000,0.32000,0.32000,0.24000,0.41000,0.16000,0.20000,0.05000

SVC
0.22210,0.22350,0.21950,0.22210,0.21280,0.22240,0.22710,0.22210,0.21130,0.22210,0.22210,0.22260,0.22210,0.22210,0.22210,0.22210,0.21200,0.22210,0.22210,0.22210,0.22210,0.22360,0.22210,0.22650,0.22210,0.22320,0.21960,0.22210,0.22210,0.22210,0.22210,0.22210,0.21730,0.22210,0.22400,0.22030,0.22090,0.21940,0.21700,0.22210,0.21990,0.22520,0.22210,0.22210,0.22310,0.22210,0.22200,0.21990,0.22210,0.22210,0.22250,0.21920,0.22210,0.21830,0.22110,0.22210,0.20990,0.22210,0.22210,0.21620,0.21480,0.22210,0.22210,0.22390,0.22210,0.22210,0.22210,0.22210,0.22210,0.22380,0.22210,0.22210,0.22430,0.22210,0.22450,0.21430,0.21140,0.22210,0.21530,0.21850,0.20450,0.22440,0.22210,0.22260,0.22210,0.22520,0.22210,0.22210,0.22210,0.22210,0.22420,0.20820,0.22250,0.22270,0.21730,0.22210,0.22250,0.20480,0.21620,0.22580,0.21400,0.21980,0.22090,0.22710,0.22050,0.22030,0.22160,0.22270,0.21630,0.21900,0.22130,0.22040,0.22070,0.21950,0.22150,0.22300,0.22120,0.21820,0.22560,0.22510,0.22530,0.22370,0.22550,0.22270,0.22540,0.21970,0.22430,0.22090,0.22590,0.21770,0.22300,0.22150,0.22400,0.22300,0.22220,0.22350,0.22580,0.21910,0.21640,0.22390,0.22420,0.22750,0.21990,0.22110,0.22090,0.22280,0.22230,0.22390,0.21900,0.22380,0.21340,0.22390,0.22340,0.22240,0.22040,0.22080,0.21980,0.22070,0.22350,0.21800

MLP
0.00190,0.00000,0.97800,0.00020,0.99760,0.00000,0.00000,0.00000,0.99840,0.00210,0.00480,0.00000,0.00020,0.00030,0.00010,0.00030,0.99430,0.00370,0.00230,0.00000,0.00440,0.00030,0.00000,0.00000,0.00570,0.00000,0.00250,0.01150,0.00010,0.00100,0.00250,0.00070,0.99230,0.00810,0.00000,0.98790,0.02070,0.95430,0.98880,0.02090,0.04860,0.00000,0.00010,0.01510,0.00040,0.00010,0.01030,0.96490,0.00310,0.00010,0.00000,0.00480,0.00020,0.99360,0.00350,0.00000,0.99910,0.00000,0.00010,0.99340,0.99620,0.00320,0.00140,0.00000,0.00000,0.00020,0.00520,0.00150,0.00100,0.00000,0.00000,0.00000,0.00010,0.00170,0.00000,0.99620,0.99720,0.00000,0.99600,0.99310,0.99860,0.00000,0.00020,0.00000,0.00190,0.00000,0.00040,0.00030,0.00010,0.00000,0.00010,0.99800,0.00000,0.00010,0.98100,0.00000,0.00160,0.99970,0.99430,0.00000,0.98370,0.23450,0.00000,0.00000,0.07760,0.00110,0.00110,0.00000,0.01750,0.00310,0.00000,0.17150,0.00010,0.00050,0.00000,0.00000,0.00020,0.00320,0.00000,0.00000,0.00000,0.00000,0.00000,0.00000,0.00000,0.05940,0.00000,0.01270,0.00000,0.01070,0.00010,0.00000,0.00000,0.00000,0.00000,0.00000,0.00000,0.06480,0.03400,0.00000,0.00000,0.00000,0.00130,0.00000,0.00000,0.00000,0.00010,0.00000,0.04940,0.00000,0.34840,0.00000,0.00000,0.00000,0.13030,0.00010,0.00010,0.16380,0.00010,0.71700